___________________________________________________
	Relatorio final:

Modo de jogo: Algoritmo Genetico

ROUND 1:
Vida restante: 1000/1000
Pontos: 8444
Tempo de jogo: 01:28

Cromossomos: [[[3, 99, 1, 2, 2, 1, 1.29, 0.57], 15], [[5, 90, 1, 1, 2, 0, 1.86, 1.04], 23], [[3, 92, 1, 0, 2, 0, 1.11, 1.03], 43], [[4, 114, 1, 1, 2, 0, 0.57, 0.64], 35], [[8, 109, 1, 1, 0, 1, 1.43, 0.69], 13]]

ROUND 2:
Vida restante: 962/1000
Pontos: 12389
Tempo de jogo: 00:37

Cromossomos: [[[3, 92, 1, 0, 2, 0, 1.11, 1.03], 0], [[5, 90, 1, 1, 2, 0, 1.86, 1.04], 5], [[3, 129, 0, 0, 1, 0, 1.38, 1.92], 0], [[3, 92, 1, 0, 2, 0, 1.86, 1.04], 0], [[5, 90, 1, 1, 2, 0, 1.11, 1.03], 13]]

